{
	"CalibratedCameras": [
		{
			"CameraExtrinsic": "-0.990656, 0.071221, 0.116164, -0.038110, -0.131878, -0.286529, -0.948933, 2.368400, -0.034302, -0.955400, 0.293252, -0.218839, 0.000000, 0.000000, 0.000000, 1.000000",
			"CameraID": "SZVIDS-250517-89C0AC-CB0C2B-239D81",
			"CameraIndex": 0,
			"CameraType": "Orbbec"
		},
		{
			"CameraExtrinsic": "-0.026269, -0.891802, 0.451624, 0.500025, 0.008367, -0.451955, -0.891979, 2.345760, 0.999605, -0.019649, 0.019341, -0.437394, 0.000000, 0.000000, 0.000000, 1.000000",
			"CameraID": "SZVIDS-250515-DB77B5-8F194B-9AF224",
			"CameraIndex": 1,
			"CameraType": "Orbbec"
		},
		{
			"CameraExtrinsic": "0.999798, 0.008120, -0.017521, 0.127853, -0.010970, -0.507843, -0.861358, 2.316840, -0.015892, 0.861389, -0.507660, -0.951532, 0.000000, 0.000000, 0.000000, 1.000000",
			"CameraID": "SZVIDS-250515-251985-17973F-BBA443",
			"CameraIndex": 2,
			"CameraType": "Orbbec"
		},
		{
			"CameraExtrinsic": "0.147248, 0.820272, -0.552664, -0.232727, -0.119519, -0.539902, -0.833176, 2.246940, -0.981837, 0.188737, 0.018532, -0.704611, 0.000000, 0.000000, 0.000000, 1.000000",
			"CameraID": "SZVIDS-250513-21892C-CAEB69-EC3063",
			"CameraIndex": 3,
			"CameraType": "Orbbec"
		},
		{
			"CameraExtrinsic": "0.097758, -0.672923, 0.733202, -3.600140, 0.014316, -0.735699, -0.677126, 2.111470, 0.995092, 0.076695, -0.062282, 0.609815, 0.000000, 0.000000, 0.000000, 1.000000",
			"CameraID": "SZVIDS-250515-BAFA5D-6B4C88-246E60",
			"CameraIndex": 5,
			"CameraType": "Orbbec"
		},
		{
			"CameraExtrinsic": "0.966905, -0.187035, 0.173442, -3.762930, -0.056634, -0.820370, -0.568985, 2.299960, 0.248711, 0.540343, -0.803828, 0.288615, 0.000000, 0.000000, 0.000000, 1.000000",
			"CameraID": "SZVIDS-250515-7BB8E0-D63835-A20B61",
			"CameraIndex": 6,
			"CameraType": "Orbbec"
		},
		{
			"CameraExtrinsic": "-0.998675, -0.033966, 0.038280, -4.019790, -0.006285, -0.661004, -0.750329, 2.591710, 0.050792, -0.749587, 0.659929, -2.342080, 0.000000, 0.000000, 0.000000, 1.000000",
			"CameraID": "SZVIDS-250602-F3A727-D52914-B89F66",
			"CameraIndex": 4,
			"CameraType": "Orbbec"
		}
	],
	"CalibrationTime": "2025-07-01 14:10:08",
	"NumberOfCalibratedCameras": 7,
	"SoftwareVersion": "v2.0_dev1"
}
